1,0,1000,0.0
2,0,1000,0.0
4,0,1000,0.0
8,2,1000,0.002
16,11,1000,0.011
32,31,1000,0.031
64,59,1000,0.059
128,132,1000,0.132
256,273,1000,0.273
512,457,1000,0.457
576,3105,6400,0.48515625
579,931,2000,0.4655
595,470,1000,0.47
603,3941,8000,0.492625
605,1920,4000,0.48
607,63198,128000,0.493734375
608,127221,256000,0.49695703125
609,7919,16000,0.4949375
611,63723,128000,0.4978359375
612,31772,64000,0.4964375
614,15806,32000,0.4939375
616,127316,256000,0.497328125
618,16374824,32768000,0.499719970703125
619,8197736,16384000,0.50035009765625
620,2051182,4096000,0.50077685546875
624,205919,409600,0.50273193359375
629,8130,16000,0.508125
640,8159,16000,0.5099375
644,2066,4000,0.5165
646,8222,16000,0.513875
648,2080,4000,0.52
656,520,1000,0.52
672,548,1000,0.548
704,561,1000,0.561
768,567,1000,0.567
1024,683,1000,0.683
2048,87,100,0.87
4096,191,200,0.955
8192,1571,1600,0.981875
9216,25287,25600,0.9877734375
9728,810788,819200,0.9897314453125
9856,6462880,6528400,0.9899638502542736
9984,405667,409600,0.99039794921875
10240,25384,25600,0.9915625
12288,3184,3200,0.995
16384,800,800,1.0
